و	83883.0	45749.0	0.21708764716379944
.	75596.0	75046.0	0.0021417036656054557
در	69691.0	43964.0	0.23437205349196727
،	65773.0	32141.0	0.37040986788484237
به	53343.0	35809.0	0.32347705958753453
از	52771.0	36826.0	0.31131470386379595
که	33489.0	26624.0	0.4521959480763282
این	26405.0	22517.0	0.5249587248662274
را	24570.0	19981.0	0.5768520328803762
است	20299.0	17751.0	0.6282464286902838
با	17869.0	14896.0	0.7043995890496907
)	13778.0	10186.0	0.8694655808467987
(	13725.0	10167.0	0.8702764291299174
آن	12739.0	11033.0	0.8347756345083149
سال	9599.0	8327.0	0.9569806880286603
برای	8259.0	7415.0	1.0073580973225573
یک	7855.0	6629.0	1.056021233669428
بر	6985.0	6360.0	1.0740121370385443
«	6607.0	4448.0	1.229304474112957
»	6578.0	4429.0	1.2311635724021994
خود	6455.0	5892.0	1.1072065145163648
تا	6379.0	5737.0	1.118784402804517
شد	6368.0	5843.0	1.1108333663766905
بود	6349.0	5837.0	1.1112795593767981
شهر	6111.0	5063.0	1.1730613253001172
نیز	5894.0	5656.0	1.1249598518981152
یا	5833.0	4796.0	1.196590078260147
نام	5714.0	5016.0	1.1771117248642982
دارد	5503.0	5271.0	1.1555762364720006
کرد	5317.0	4982.0	1.1800655294864704
:	5046.0	4147.0	1.2597352173229401
او	4797.0	4112.0	1.263416146699739
می‌شود	4556.0	4269.0	1.2471430978830114
ایران	4503.0	3857.0	1.2912196138209162
کشور	4493.0	4024.0	1.2728112806390872
پس	4014.0	3820.0	1.2954058897752494
دو	3952.0	3616.0	1.3192408308836323
قرار	3922.0	3778.0	1.3002072991011433
دیگر	3807.0	3651.0	1.3150574197372307
شده	3559.0	3344.0	1.3532029839199793
یکی	3341.0	3236.0	1.3674607397467233
هم	3304.0	2912.0	1.4132778820459586
استان	3265.0	2552.0	1.4705885826378333
وجود	3133.0	2981.0	1.4031072766543273
هستند	3055.0	2904.0	1.414472640658902
زبان	3055.0	2331.0	1.5099269791663814
اما	2844.0	2792.0	1.4315538387358346
]	2841.0	628.0	2.079509608949762
[	2838.0	648.0	2.065894246816365
عنوان	2829.0	2672.0	1.45063279888345
هر	2825.0	2599.0	1.4626629731859455
؛	2531.0	2199.0	1.5352440233261677
می‌کند	2480.0	2331.0	1.5099269791663814
می‌باشد	2454.0	2367.0	1.5032709947578753
توسط	2417.0	2273.0	1.5208698169619872
استفاده	2409.0	2246.0	1.5260595007615192
دارای	2348.0	2212.0	1.5326841300542975
مردم	2325.0	2140.0	1.5470554793377673
آنها	2315.0	2118.0	1.5515432969154919
زمان	2303.0	2187.0	1.537620469649321
پیش	2293.0	2162.0	1.5426135630696667
همچنین	2249.0	2216.0	1.531899496630566
شده‌است	2200.0	2145.0	1.546041956166215
"	2161.0	819.0	1.9641853509265397
منطقه	2135.0	1890.0	1.601007448513714
دست	2133.0	2023.0	1.5714733699161534
بیشتر	2118.0	2036.0	1.568691479022237
می‌کنند	2112.0	1983.0	1.5801465384816553
مورد	2101.0	1996.0	1.5773087157356058
کار	2028.0	1922.0	1.5937158693544315
بزرگ	2012.0	1916.0	1.5950737479444326
دارند	1996.0	1937.0	1.5903396319678473
بسیار	1971.0	1881.0	1.6030804571365793
مانند	1927.0	1813.0	1.6190714485914495
بین	1913.0	1814.0	1.6188319699628817
میان	1899.0	1799.0	1.6224380893414068
صورت	1881.0	1767.0	1.630232703180194
وی	1878.0	1716.0	1.6429519691742716
داشت	1860.0	1805.0	1.6209920464452814
حدود	1830.0	1706.0	1.6454902258554538
روی	1817.0	1725.0	1.6406801532776651
آب	1812.0	1500.0	1.701377993631277
نظر	1806.0	1721.0	1.6416883823593977
می‌توان	1783.0	1748.0	1.6349278243885739
برخی	1764.0	1631.0	1.6650152916466823
شمال	1755.0	1567.0	1.682400256218368
داد	1720.0	1664.0	1.656315930732253
بخش	1697.0	1488.0	1.7048663214770983
جنوب	1686.0	1524.0	1.6944842856833764
تشکیل	1684.0	1640.0	1.6626254046392601
میلادی	1679.0	1555.0	1.6857388593241018
نفر	1662.0	1316.0	1.7582133634090213
جمعیت	1655.0	1456.0	1.7143078777099396
بسیاری	1654.0	1598.0	1.6738924777089856
بعد	1629.0	1580.0	1.6788121657325354
جهان	1600.0	1470.0	1.710151917938782
جنگ	1585.0	1381.0	1.7372755741083268
تاریخ	1550.0	1416.0	1.726405999333208
دولت	1532.0	1367.0	1.7417007381191358
بودند	1503.0	1418.0	1.7257930218399105
زمین	1489.0	1261.0	1.7767541661138764
شامل	1458.0	1399.0	1.7316515381951305
سه	1451.0	1367.0	1.7417007381191358
واقع	1439.0	1395.0	1.7328950450773417
تنها	1432.0	1402.0	1.7307212390563183
مرکز	1430.0	1334.0	1.752313423106428
کردند	1410.0	1361.0	1.7436111274836235
آن‌ها	1405.0	1310.0	1.7601979570311939
دوره	1402.0	1264.0	1.775722178740592
ولی	1388.0	1371.0	1.7404317978974455
اصلی	1381.0	1342.0	1.7497167368539848
آغاز	1373.0	1332.0	1.7529650278526758
زندگی	1346.0	1287.0	1.7678907057825715
کند	1341.0	1264.0	1.775722178740592
درصد	1335.0	950.0	1.8997456473981102
جمله	1329.0	1307.0	1.7611936651064137
حال	1327.0	1287.0	1.7678907057825715
گرفت	1313.0	1288.0	1.7675533896631648
می‌شوند	1312.0	1266.0	1.7750355470056218
دوران	1306.0	1230.0	1.7875641412475602
فارسی	1304.0	1156.0	1.8145114186024478
ملی	1301.0	1113.0	1.8309740883522498
حکومت	1296.0	1189.0	1.8022873980682665
بوده	1294.0	1222.0	1.7903980467804226
تولید	1291.0	1107.0	1.8333216318082353
انجام	1275.0	1226.0	1.7889787825045618
نخستین	1273.0	1231.0	1.7872111997556417
آمریکا	1261.0	1107.0	1.8333216318082353
چند	1258.0	1205.0	1.796482205776071
دوم	1241.0	1190.0	1.8019222912944273
راه	1239.0	1128.0	1.8251601530396346
دلیل	1239.0	1203.0	1.7972036253471133
می‌دهد	1230.0	1204.0	1.7968427657651524
شده است	1227.0	1206.0	1.7961219448828256
شاه	1212.0	1031.0	1.8642105874034416
بیش	1208.0	1160.0	1.8130112634600397
زیر	1208.0	1166.0	1.8107707022639628
شکل	1191.0	1146.0	1.818284635055587
آلمان	1182.0	956.0	1.897011360410858
یافت	1173.0	1150.0	1.8167714123333465
تهران	1165.0	975.0	1.8884646369884213
طول	1164.0	1089.0	1.840441372931183
زیادی	1158.0	1136.0	1.822090921311958
همین	1147.0	1123.0	1.8270894964255002
روز	1147.0	951.0	1.8992887357495443
کتاب	1136.0	1005.0	1.8753031909304505
غرب	1123.0	1058.0	1.8529835849877911
قرن	1120.0	1017.0	1.8701482997642136
بار	1115.0	1037.0	1.8616904962979173
مناطق	1103.0	1006.0	1.8748712719670495
باشد	1100.0	1040.0	1.8604359133881778
اول	1094.0	1042.0	1.8596015337234524
ایجاد	1092.0	1046.0	1.8579375681557027
شدند	1081.0	1044.0	1.8587687540207147
خط	1077.0	819.0	1.9641853509265397
شهرستان	1077.0	858.0	1.9439819648382526
اشاره	1072.0	1043.0	1.8591849442604271
ایالت	1070.0	917.0	1.9150999170169372
غربی	1066.0	1008.0	1.8740087205774516
هزار	1065.0	890.0	1.9280792460420453
شدن	1063.0	1010.0	1.8731478789043154
کیلومتر	1055.0	805.0	1.9716733723190896
اولین	1054.0	1001.0	1.8770351752076395
ماه	1054.0	885.0	1.9305259819891327
-	1045.0	570.0	2.1215943970144666
موسیقی	1044.0	808.0	1.970057891912372
بوده‌است	1044.0	1017.0	1.8701482997642136
محمد	1038.0	903.0	1.9217815023734524
شرقی	1038.0	990.0	1.8818340580894082
نشان	1035.0	993.0	1.8805200041915768
یعنی	1032.0	990.0	1.8818340580894082
تاریخی	1022.0	941.0	1.9038796292597011
برابر	1022.0	945.0	1.9020374441776953
سطح	1012.0	927.0	1.910389518542461
جمهوری	1009.0	910.0	1.9184278603658644
باعث	1003.0	968.0	1.8915938953785645
ایرانی	1001.0	910.0	1.9184278603658644
سیاسی	1000.0	935.0	1.9066576418144403
مختلف	991.0	956.0	1.897011360410858
تعداد	984.0	913.0	1.9169984751526592
گروه	983.0	869.0	1.9384494762382916
تحت	982.0	944.0	1.902497258388889
دانشگاه	978.0	666.0	2.053995023516657
آثار	976.0	902.0	1.9222627151450165
می‌شد	976.0	939.0	1.9048036604208471
شود	967.0	920.0	1.9136814253414027
کشورهای	958.0	888.0	1.929056286908357
چون	958.0	924.0	1.9117972814668514
جهانی	945.0	876.0	1.9349651465188773
شرق	939.0	884.0	1.931016987673885
میلیون	938.0	772.0	1.989851952351222
دیگری	927.0	908.0	1.919383404165873
سوی	924.0	887.0	1.9295456328552318
باید	919.0	880.0	1.9329865805367894
اروپا	918.0	814.0	1.966844847797757
جای	913.0	875.0	1.935461199664645
توجه	910.0	881.0	1.9324933442749102
طور	909.0	891.0	1.9275915486500834
نیست	908.0	892.0	1.9271043983108351
همراه	907.0	889.0	1.9285674917167444
ساخت	895.0	845.0	1.9506125437372657
تمام	888.0	871.0	1.937451097679295
اسلامی	883.0	771.0	1.990414874636001
سرزمین	872.0	828.0	1.959438915902078
همه	870.0	826.0	1.960489205366576
نسبت	868.0	825.0	1.961015304137033
شده‌اند	861.0	839.0	1.9537072918582579
کردن	851.0	792.0	1.9787440710974646
همان	850.0	820.0	1.9636554003032414
شهرهای	850.0	805.0	1.9716733723190896
تغییر	835.0	779.0	1.9859317950143935
قابل	835.0	810.0	1.9689842338083083
اگر	833.0	777.0	1.9870482338860438
قانون	833.0	717.0	2.021950097019158
مرکزی	827.0	772.0	1.989851952351222
اقتصادی	823.0	759.0	1.9972274767914777
اساس	822.0	793.0	1.9781960653693542
پایان	814.0	788.0	1.980943035197403
کنند	814.0	783.0	1.9837074906290146
مهم	812.0	798.0	1.9754663613362287
قدرت	811.0	762.0	1.9955142813473576
متر	811.0	612.0	2.090717830541397
اینکه	809.0	777.0	1.9870482338860438
جدید	802.0	770.0	1.9909785275144762
شمار	801.0	786.0	1.9820467066475502
نوع	800.0	735.0	2.0111819136027633
میلاد	797.0	729.0	2.0147417243689834
سر	794.0	753.0	2.0006742764862575
چهار	790.0	747.0	2.004148650871559
بن	790.0	585.0	2.1103133866047776
سازمان	789.0	664.0	2.0553011733189406
اثر	779.0	731.0	2.0135518757290978
جنوبی	779.0	742.0	2.007065347407931
نزدیک	778.0	748.0	2.0035676548224965
کرده	778.0	749.0	2.002987434987492
اسلام	777.0	729.0	2.0147417243689834
رسید	775.0	760.0	1.9966556604061667
افزایش	770.0	703.0	2.0305139276671342
پایتخت	769.0	738.0	2.0094128908639166
بوده است	769.0	746.0	2.0047304252142895
می‌دهند	768.0	753.0	2.0006742764862575
نظامی	768.0	704.0	2.029896593544846
نمود	767.0	747.0	2.004148650871559
تبدیل	766.0	746.0	2.0047304252142895
شمالی	766.0	725.0	2.0171312461159645
کوه	760.0	574.0	2.1185573602889844
حزب	743.0	549.0	2.137896908236866
طی	741.0	727.0	2.0159348418279204
طبیعی	736.0	695.0	2.0354844480968444
می‌کردند	731.0	702.0	2.031132140557153
وارد	729.0	701.0	2.0317512347202995
گردید	727.0	708.0	2.027435994997189
شرکت	725.0	627.0	2.0802017118562417
معنی	720.0	622.0	2.0836788679961393
چنین	713.0	696.0	2.034860013076396
تقسیم	711.0	678.0	2.0462395588198947
دریای	710.0	572.0	2.120073223893934
می‌تواند	696.0	672.0	2.0500999796331327
واژه	696.0	609.0	2.092851960054083
فارس	694.0	598.0	2.1007680686985473
نقش	694.0	660.0	2.0579253171450893
بنا	693.0	662.0	2.056611263247258
رسمی	693.0	673.0	2.049454188462981
ادامه	689.0	678.0	2.0462395588198947
امروزه	688.0	684.0	2.042413150966842
افراد	686.0	652.0	2.063221656955038
می‌کرد	685.0	656.0	2.060565413311298
معروف	685.0	660.0	2.0579253171450893
فرهنگ	684.0	610.0	2.092139417676191
آنان	683.0	643.0	2.069258279762736
طریق	683.0	639.0	2.071968394528558
مربوط	681.0	651.0	2.0638882641187664
رود	680.0	560.0	2.129281225680758
قبل	678.0	648.0	2.065894246816365
کنار	677.0	666.0	2.053995023516657
اجتماعی	675.0	608.0	2.093565673414223
رشد	674.0	605.0	2.095713878034489
آزاد	673.0	604.0	2.0964323140658263
حتی	671.0	664.0	2.0553011733189406
فرهنگی	671.0	625.0	2.0815892353428826
آنجا	668.0	650.0	2.0645558960441024
بازی	666.0	542.0	2.143469966148571
منابع	665.0	623.0	2.0829812060277884
اعلام	659.0	639.0	2.071968394528558
افغانستان	658.0	589.0	2.1073539578998566
عربی	658.0	602.0	2.0978727614291337
معمولاً	656.0	641.0	2.070611223168141
کشاورزی	655.0	596.0	2.1022229929467215
علی	651.0	582.0	2.1125462680370695
فرانسه	650.0	573.0	2.1193146307195683
محل	647.0	618.0	2.086480777598142
ویژه	647.0	634.0	2.0753799948052256
کوچک	642.0	615.0	2.0885941369115413
داشتند	642.0	630.0	2.0781287032333764
عراق	641.0	554.0	2.133959487958528
گرفته	639.0	633.0	2.076065542669603
نتیجه	639.0	620.0	2.085077563188704
محلی	637.0	596.0	2.1022229929467215
سمت	637.0	527.0	2.1556586374744113
شهری	632.0	595.0	2.1029522869584087
درجه	631.0	412.0	2.2625720366538236
جهت	629.0	591.0	2.1058817718057026
می‌رود	629.0	627.0	2.0802017118562417
داخلی	629.0	563.0	2.126960857835612
زمانی	627.0	613.0	2.090008778168543
دور	626.0	583.0	2.111800697927944
بودن	624.0	582.0	2.1125462680370695
بخشی	622.0	594.0	2.1036828077057645
می‌گیرد	621.0	618.0	2.086480777598142
دریا	620.0	564.0	2.126190148703616
معنای	618.0	558.0	2.1308350537493794
سایر	618.0	609.0	2.092851960054083
میزان	616.0	571.0	2.12083314444111
پیدا	615.0	605.0	2.095713878034489
انگلیسی	614.0	591.0	2.1058817718057026
چین	613.0	542.0	2.143469966148571
گذشته	610.0	598.0	2.1007680686985473
حرکت	609.0	555.0	2.1331762695642817
سپس	607.0	590.0	2.106617241044814
ممکن	607.0	591.0	2.1058817718057026
سده	605.0	538.0	2.1466869770205688
سوم	605.0	576.0	2.1170467692637462
انتخاب	603.0	568.0	2.1231209169759393
انسان	603.0	531.0	2.152374731605489
نیروی	595.0	514.0	2.166506133691682
خورشیدی	593.0	528.0	2.154835330153146
البته	592.0	588.0	2.1080919266108196
کل	590.0	566.0	2.1246528214986866
گسترش	590.0	569.0	2.1223569862918867
شده بود	588.0	569.0	2.1223569862918867
ترتیب	586.0	574.0	2.1185573602889844
مجلس	579.0	476.0	2.199862299966465
اسکندر	578.0	505.0	2.1741778745682967
مرگ	573.0	540.0	2.1450754928639895
باستان	572.0	537.0	2.1474949669874026
غیر	572.0	547.0	2.139481926353527
بدون	571.0	562.0	2.127732937117897
دهه	569.0	540.0	2.1450754928639895
کمک	568.0	544.0	2.141870352988778
می‌آید	568.0	562.0	2.127732937117897
سال‌های	567.0	549.0	2.137896908236866
نیروهای	567.0	512.0	2.1681992917111272
هجری	565.0	515.0	2.1656620236457673
مواد	565.0	496.0	2.181987576196761
ناحیه	564.0	513.0	2.167351887575142
رئیس	563.0	506.0	2.173318735847159
هنگام	562.0	538.0	2.1466869770205688
امپراتوری	559.0	509.0	2.1707514703501993
می‌رسد	559.0	548.0	2.138688694202589
می‌گردد	557.0	546.0	2.140276609982221
توسعه	556.0	507.0	2.172461293353622
انرژی	556.0	473.0	2.2026081119491465
صنعتی	556.0	464.0	2.2109512721320774
ایالات	555.0	516.0	2.1648195510597468
موجود	555.0	531.0	2.152374731605489
روسیه	554.0	467.0	2.208152372120846
رو	553.0	506.0	2.173318735847159
صنایع	550.0	420.0	2.2542199622890577
نه	547.0	476.0	2.199862299966465
دنیا	547.0	529.0	2.1540135806517724
حمله	547.0	512.0	2.1681992917111272
هند	546.0	488.0	2.1890494306842476
دین	545.0	474.0	2.201690911012873
مدت	544.0	519.0	2.1623018948385004
ارمنستان	542.0	448.0	2.226191238688814
آمد	540.0	533.0	2.1507420436603857
شوروی	539.0	450.0	2.2242567389116146
طرف	538.0	472.0	2.2035272540528705
کاهش	535.0	487.0	2.1899402914723236
تیم	534.0	435.0	2.2389799957323206
بین‌المللی	534.0	471.0	2.204448345558062
بالا	533.0	515.0	2.1656620236457673
شکست	531.0	507.0	2.172461293353622
زنان	531.0	456.0	2.2185044100225233
هیچ	528.0	510.0	2.169899076589022
آذربایجان	527.0	471.0	2.204448345558062
۲	526.0	502.0	2.176765535541939
رشته	525.0	473.0	2.2026081119491465
محسوب	521.0	512.0	2.1681992917111272
برد	519.0	512.0	2.1681992917111272
شعر	519.0	409.0	2.265745944679616
پادشاهی	516.0	476.0	2.199862299966465
سرعت	516.0	460.0	2.214711421005384
اصفهان	515.0	424.0	2.2501033960942256
علمی	515.0	476.0	2.199862299966465
میدان	514.0	405.0	2.2700142294722894
تأثیر	514.0	498.0	2.1802399099272405
کشف	512.0	488.0	2.1890494306842476
نخست	512.0	491.0	2.18638776056399
دربارهٔ	512.0	490.0	2.1872731726584442
اساسی	511.0	468.0	2.207223399612834
انقلاب	511.0	472.0	2.2035272540528705
فعالیت	511.0	487.0	2.1899402914723236
اکنون	510.0	505.0	2.1741778745682967
ندارد	510.0	502.0	2.176765535541939
علوم	507.0	402.0	2.273243199602488
بررسی	507.0	493.0	2.184622333409728
ما	505.0	440.0	2.2340165762007707
چندین	505.0	495.0	2.182864053753389
یونانی	503.0	470.0	2.2053713947512406
زبان‌های	502.0	432.0	2.241985505872046
تن	501.0	409.0	2.265745944679616
نامیده	498.0	493.0	2.184622333409728
حضور	498.0	481.0	2.1953241763131266
چه	498.0	415.0	2.2594211559748656
عمومی	498.0	477.0	2.198950873646844
ارمنی	498.0	417.0	2.2573331977132005
مسجد	496.0	357.0	2.324801036574765
می‌باشند	495.0	489.0	2.188160393563338
…	493.0	454.0	2.2204133998298543
بزرگترین	492.0	481.0	2.1953241763131266
انتقال	489.0	449.0	2.225222911683635
بعضی	489.0	459.0	2.215656567149697
آموزش	487.0	429.0	2.245011960502234
تقریباً	486.0	483.0	2.193522121935446
هنوز	485.0	477.0	2.198950873646844
خاک	485.0	445.0	2.2291092417060265
کرده‌اند	482.0	477.0	2.198950873646844
متحده	480.0	460.0	2.214711421005384
بعدها	479.0	475.0	2.2007756430620917
سنگ	479.0	395.0	2.280872157060498
همچون	478.0	469.0	2.2062964099718747
علاوه	478.0	472.0	2.2035272540528705
گونه	478.0	426.0	2.248059653584239
ارتباط	476.0	450.0	2.2242567389116146
کمتر	476.0	465.0	2.210016299797004
شروع	475.0	468.0	2.207223399612834
رفت	470.0	450.0	2.2242567389116146
خلیج	469.0	413.0	2.261519201030557
معماری	468.0	385.0	2.2920085231784575
علت	468.0	454.0	2.2204133998298543
مذهبی	467.0	437.0	2.236987815716536
دانش	466.0	425.0	2.2490803226366465
مربع	466.0	408.0	2.266809089597078
اطراف	465.0	452.0	2.222330817875576
ثبت	465.0	418.0	2.256292970911923
ق	464.0	459.0	2.215656567149697
رودخانه	464.0	389.0	2.2875196513612504
کرده‌است	464.0	457.0	2.217553052617108
پی	461.0	434.0	2.2399795231744473
آورد	461.0	460.0	2.214711421005384
حاضر	461.0	458.0	2.216603774683089
تأسیس	459.0	444.0	2.2300862825723384
واحد	459.0	391.0	2.2852924952910914
خورشید	459.0	400.0	2.2754092613589956
۵	459.0	445.0	2.2291092417060265
خان	456.0	368.0	2.3116214340134404
ارتفاع	456.0	414.0	2.260468911566059
اسپانیا	456.0	423.0	2.251128885311916
بازار	455.0	388.0	2.288637527092751
اهمیت	455.0	442.0	2.232046983337866
۱۰	454.0	444.0	2.2300862825723384
طراحی	451.0	401.0	2.274324880066776
هیتلر	451.0	392.0	2.284183185666501
کم	450.0	435.0	2.2389799957323206
پنج	450.0	425.0	2.2490803226366465
پسر	449.0	386.0	2.290881948015203
۳	448.0	437.0	2.236987815716536
اغلب	448.0	440.0	2.2340165762007707
قسمت	448.0	396.0	2.279774066761446
خارج	447.0	440.0	2.2340165762007707
لحاظ	447.0	430.0	2.2440007971073714
نفت	447.0	376.0	2.3022814077592972
جامعه	445.0	400.0	2.2754092613589956
۴	445.0	434.0	2.2399795231744473
جزیره	443.0	375.0	2.3034379849592392
نیاز	443.0	423.0	2.251128885311916
پادشاه	442.0	411.0	2.263627430810889
هنر	441.0	410.0	2.2646853959672226
سیستم	440.0	403.0	2.2721642065458485
اطلاعات	440.0	399.0	2.2764963570002097
زیرا	440.0	438.0	2.2359951421828588
میانه	439.0	422.0	2.252156801725284
اقتصاد	439.0	404.0	2.271087887576353
یاد	439.0	423.0	2.251128885311916
مجموعه	439.0	402.0	2.273243199602488
مشهد	438.0	360.0	2.321166751919671
کامل	438.0	427.0	2.2470413776619345
کنترل	436.0	407.0	2.267874843461738
علم	436.0	400.0	2.2754092613589956
ارتش	435.0	392.0	2.284183185666501
ادبیات	435.0	388.0	2.288637527092751
کلی	430.0	425.0	2.2490803226366465
بریتانیا	430.0	397.0	2.278678745923843
قزوین	429.0	328.0	2.361595408975279
خاص	429.0	414.0	2.260468911566059
زیاد	427.0	422.0	2.252156801725284
روش	426.0	391.0	2.2852924952910914
مهم‌ترین	425.0	416.0	2.2583759220602153
منتشر	423.0	408.0	2.266809089597078
جریان	421.0	406.0	2.268943219109764
مشخص	421.0	416.0	2.2583759220602153
مازندران	421.0	339.0	2.347269554483876
ساختار	420.0	402.0	2.273243199602488
گوناگون	420.0	409.0	2.265745944679616
ارائه	419.0	410.0	2.2646853959672226
گفته می‌شود	418.0	417.0	2.2573331977132005
می‌گویند	417.0	411.0	2.263627430810889
سنتی	416.0	391.0	2.2852924952910914
دستور	416.0	393.0	2.2830767023115315
خارجی	416.0	401.0	2.274324880066776
موجب	414.0	406.0	2.268943219109764
مساحت	414.0	370.0	2.309267528619963
اواخر	414.0	409.0	2.265745944679616
بی	413.0	403.0	2.2721642065458485
خراسان	413.0	353.0	2.3296945472991357
زمینه	413.0	396.0	2.279774066761446
عمل	412.0	400.0	2.2754092613589956
اجرا	408.0	388.0	2.288637527092751
انواع	408.0	368.0	2.3116214340134404
سبک	407.0	368.0	2.3116214340134404
باستانی	407.0	382.0	2.295405889775249
باز	406.0	397.0	2.278678745923843
دریایی	406.0	344.0	2.340910810115428
طبق	403.0	400.0	2.2754092613589956
مصر	403.0	344.0	2.340910810115428
خاطر	402.0	383.0	2.2942704787183352
ساخته	401.0	397.0	2.278678745923843
نزدیکی	401.0	394.0	2.281973030861384
تبریز	401.0	354.0	2.3284659906611704
فیلم	401.0	324.0	2.366924242480346
قدیمی	399.0	381.0	2.2965442770113387
هوای	398.0	357.0	2.324801036574765
درآمد	398.0	389.0	2.2875196513612504
فاصله	397.0	373.0	2.3057604208782707
استقلال	397.0	372.0	2.3069263128050608
کیلومتری	396.0	334.0	2.3537227858753935
شیراز	396.0	344.0	2.340910810115428
بزرگی	395.0	386.0	2.290881948015203
مرز	395.0	358.0	2.323586226043084
نظریه	394.0	337.0	2.3498393518156195
دریاچه	393.0	301.0	2.3989027570931145
دورهٔ	393.0	362.0	2.3187606821537923
بیان	393.0	384.0	2.293138028319427
اولیه	392.0	383.0	2.2942704787183352
گل	392.0	333.0	2.3550250191806383
شبکه	392.0	309.0	2.3875107732621235
داشته	392.0	389.0	2.2875196513612504
داده	391.0	374.0	2.304597650486478
۲۰	390.0	384.0	2.293138028319427
نواحی	390.0	364.0	2.316367869037902
دلار	389.0	280.0	2.430311221344739
مشاهده	389.0	376.0	2.3022814077592972
کوه‌های	388.0	329.0	2.3602733547369836
مقابل	385.0	368.0	2.3116214340134404
پایه	384.0	365.0	2.3151763882304834
همدان	384.0	311.0	2.3847088636601206
اداره	383.0	362.0	2.3187606821537923
جدا	382.0	373.0	2.3057604208782707
ترکیه	381.0	348.0	2.3358900087403773
هوا	380.0	352.0	2.330926589208827
سبب	380.0	374.0	2.304597650486478
فقط	380.0	372.0	2.3069263128050608
ذکر	380.0	364.0	2.316367869037902
میلیارد	379.0	297.0	2.404712803369746
پهلوی	379.0	349.0	2.3346438257277784
متفاوت	379.0	364.0	2.316367869037902
ابتدا	379.0	377.0	2.301127902481165
مسیر	378.0	348.0	2.3358900087403773
مستقل	378.0	364.0	2.316367869037902
قرآن	378.0	324.0	2.366924242480346
دادند	378.0	373.0	2.3057604208782707
نقاط	378.0	366.0	2.3139881672925475
قدیم	377.0	363.0	2.3175626276508456
برگزار	376.0	363.0	2.3175626276508456
مشهور	375.0	369.0	2.310442886527898
یکدیگر	374.0	361.0	2.3199620507813004
حالت	374.0	333.0	2.3550250191806383
ساله	374.0	365.0	2.3151763882304834
۱	373.0	358.0	2.323586226043084
رنگ	373.0	315.0	2.3791586988973576
طرح	372.0	337.0	2.3498393518156195
شیخ	371.0	283.0	2.425682817162668
وزیر	370.0	328.0	2.361595408975279
می‌توانند	369.0	360.0	2.321166751919671
بلکه	368.0	364.0	2.316367869037902
ابن	368.0	313.0	2.3819249151405097
صنعت	368.0	344.0	2.340910810115428
درون	367.0	353.0	2.3296945472991357
دریافت	367.0	357.0	2.324801036574765
۶	366.0	359.0	2.322374804108639
ژاپن	366.0	317.0	2.3764099904692064
حفظ	365.0	356.0	2.3260192547140828
دهد	365.0	361.0	2.3199620507813004
ساکن	365.0	349.0	2.3346438257277784
گفت	364.0	353.0	2.3296945472991357
اعضای	364.0	339.0	2.347269554483876
امروزی	363.0	355.0	2.327240899631864
محدود	363.0	354.0	2.3284659906611704
نظام	362.0	319.0	2.373678569629777
انتخابات	362.0	312.0	2.383314658668515
دستگاه	362.0	308.0	2.3889185361865137
ساسانی	361.0	343.0	2.3421751326441878
شرایط	361.0	354.0	2.3284659906611704
تخت	361.0	328.0	2.361595408975279
نور	361.0	310.0	2.3861075588526854
قوانین	360.0	321.0	2.370964220282086
بوده‌اند	360.0	352.0	2.330926589208827
اتحادیه	360.0	296.0	2.4061775416280193
بدست	359.0	350.0	2.3334012083366824
داخل	358.0	340.0	2.345990335644703
آخرین	358.0	351.0	2.332162136221134
نمونه	358.0	352.0	2.330926589208827
حالی	357.0	353.0	2.3296945472991357
شورای	355.0	313.0	2.3819249151405097
کشوری	355.0	352.0	2.330926589208827
بیماری	354.0	309.0	2.3875107732621235
دسته	354.0	311.0	2.3847088636601206
م	354.0	344.0	2.340910810115428
تمامی	354.0	348.0	2.3358900087403773
کنونی	354.0	344.0	2.340910810115428
مراکز	353.0	332.0	2.356331168982922
جغرافیایی	353.0	323.0	2.368266730355855
شوند	353.0	347.0	2.3371397778960845
می‌گوید	353.0	334.0	2.3537227858753935
مثال	352.0	349.0	2.3346438257277784
گاز	352.0	323.0	2.368266730355855
روابط	352.0	311.0	2.3847088636601206
عبارتند	351.0	345.0	2.339650157613684
برخوردار	350.0	349.0	2.3346438257277784
برگرفته	350.0	348.0	2.3358900087403773
روستای	349.0	304.0	2.394595669078204
مسلمانان	349.0	326.0	2.364251652619019
آهن	349.0	301.0	2.3989027570931145
پزشکی	349.0	284.0	2.4241509126399206
اقیانوس	349.0	305.0	2.393169413340172
سرانجام	348.0	346.0	2.3383931538941813
آمده	347.0	341.0	2.3447148736944605
باشگاه	347.0	254.0	2.47263553606702
=	346.0	54.0	3.1450754928639895
موضوع	346.0	335.0	2.352424445650113
عبارت	345.0	335.0	2.352424445650113
ولایت	345.0	227.0	2.5214433954938356
بدن	345.0	309.0	2.3875107732621235
بزرگ‌ترین	345.0	339.0	2.347269554483876
کمی	344.0	341.0	2.3447148736944605
اوایل	344.0	340.0	2.345990335644703
اراک	344.0	273.0	2.441306605646202
خانه	344.0	301.0	2.3989027570931145
چاپ	344.0	305.0	2.393169413340172
فوتبال	343.0	266.0	2.452587616055891
دولتی	342.0	329.0	2.3602733547369836
مهاجرت	341.0	330.0	2.3589553128090706
سیاست	341.0	324.0	2.366924242480346
اصل	341.0	317.0	2.3764099904692064
گرفتن	340.0	332.0	2.356331168982922
نقطه	340.0	302.0	2.3974623097298076
آنکه	338.0	328.0	2.361595408975279
فراهم	338.0	332.0	2.356331168982922
عصر	338.0	319.0	2.373678569629777
پارسی	337.0	301.0	2.3989027570931145
مهندسی	337.0	213.0	2.5490896492482205
جرم	337.0	271.0	2.4444999618125522
هدف	337.0	327.0	2.362921500026672
پر	335.0	323.0	2.368266730355855
سخن	335.0	312.0	2.383314658668515
پارک	335.0	227.0	2.5214433954938356
لرستان	334.0	304.0	2.394595669078204
مقدار	333.0	317.0	2.3764099904692064
پدر	333.0	311.0	2.3847088636601206
اخیر	332.0	331.0	2.357641258911239
منظور	332.0	329.0	2.3602733547369836
گاهی	331.0	310.0	2.3861075588526854
دومین	331.0	320.0	2.3723192743670523
حقوق	331.0	285.0	2.422624392678448
استان‌های	331.0	315.0	2.3791586988973576
مثل	330.0	321.0	2.370964220282086
ماده	329.0	284.0	2.4241509126399206
فرانسوی	329.0	319.0	2.373678569629777
سیاره	329.0	286.0	2.421103219557915
بیشتری	329.0	320.0	2.3723192743670523
واژهٔ	328.0	285.0	2.422624392678448
مدرسه	328.0	269.0	2.44771697268455
تعریف	327.0	310.0	2.3861075588526854
دوباره	326.0	318.0	2.3750421327025255
۳۰	326.0	314.0	2.3805396046137433
موارد	326.0	319.0	2.373678569629777
نبود	325.0	316.0	2.377782170068554
شش	324.0	310.0	2.3861075588526854
چهارم	324.0	315.0	2.3791586988973576
تعیین	324.0	315.0	2.3791586988973576
نمایش	324.0	296.0	2.4061775416280193
–	323.0	230.0	2.515741416669365
المپیک	322.0	229.0	2.51763377034707
پل	322.0	233.0	2.510113331660939
کرده است	321.0	318.0	2.3750421327025255
کاربرد	321.0	314.0	2.3805396046137433
دادن	318.0	314.0	2.3805396046137433
معرفی	318.0	311.0	2.3847088636601206
مطالعه	318.0	298.0	2.403252988610703
بالای	318.0	312.0	2.383314658668515
مراسم	317.0	270.0	2.4461054885279707
عضو	317.0	291.0	2.4135762637010507
هنری	316.0	301.0	2.3989027570931145
مقام	316.0	296.0	2.4061775416280193
دینی	316.0	291.0	2.4135762637010507
قلعه	316.0	249.0	2.4812699055912217
عرب	316.0	294.0	2.409121922274801
گروهی	315.0	295.0	2.407647236708795
نوعی	315.0	311.0	2.3847088636601206
جام	315.0	252.0	2.476068711905414
اختیار	315.0	313.0	2.3819249151405097
خانواده	314.0	296.0	2.4061775416280193
آزادی	314.0	281.0	2.4287629327818783
جز	313.0	304.0	2.394595669078204
نیمه	312.0	286.0	2.421103219557915
زن	312.0	271.0	2.4444999618125522
امر	312.0	303.0	2.3960266241846533
باغ	312.0	231.0	2.5138572727948136
سازی	312.0	276.0	2.4365601706217404
هفت	311.0	288.0	2.418076764927727
کسی	311.0	301.0	2.3989027570931145
بخش‌های	311.0	293.0	2.4106016323328485
وقتی	311.0	306.0	2.391747826205378
پرداخت	311.0	310.0	2.3861075588526854
فرودگاه	310.0	199.0	2.5786161762772513
بندر	309.0	256.0	2.4692292873751085
نام‌های	309.0	290.0	2.415071254788002
بنابراین	309.0	306.0	2.391747826205378
امور	309.0	285.0	2.422624392678448
|	308.0	23.0	3.515741416669365
موفق	308.0	303.0	2.3960266241846533
آمار	308.0	284.0	2.4241509126399206
هوایی	307.0	283.0	2.425682817162668
سفر	307.0	294.0	2.409121922274801
سراسر	307.0	303.0	2.3960266241846533
ترکیب	307.0	297.0	2.404712803369746
باشند	306.0	298.0	2.403252988610703
آلمانی	306.0	282.0	2.427220144367597
تجاری	306.0	286.0	2.421103219557915
ساختمان	306.0	273.0	2.441306605646202
مهمترین	306.0	301.0	2.3989027570931145
حد	305.0	286.0	2.421103219557915
دنبال	305.0	299.0	2.4017980643625285
باقی	305.0	303.0	2.3960266241846533
سدهٔ	305.0	275.0	2.4381365588566957
ایرانیان	304.0	293.0	2.4106016323328485
ده	304.0	287.0	2.4195873559529657
امکان	304.0	296.0	2.4061775416280193
۱۵	303.0	297.0	2.404712803369746
فراوانی	302.0	294.0	2.409121922274801
حمایت	302.0	293.0	2.4106016323328485
داشتن	302.0	286.0	2.421103219557915
قمری	302.0	283.0	2.425682817162668
اروپایی	302.0	293.0	2.4106016323328485
خویش	300.0	291.0	2.4135762637010507
نوشته	300.0	290.0	2.415071254788002
رایج	300.0	292.0	2.4120864012385397
ترجمه	300.0	275.0	2.4381365588566957
حاکم	300.0	290.0	2.415071254788002
احتمالاً	299.0	296.0	2.4061775416280193
سیاه	299.0	285.0	2.422624392678448
مکان	299.0	288.0	2.418076764927727
فضای	298.0	251.0	2.47779553120592
علیه	298.0	293.0	2.4106016323328485
فصل	298.0	262.0	2.459167961367213
موقعیت	298.0	292.0	2.4120864012385397
بومی	297.0	284.0	2.4241509126399206
مطرح	296.0	286.0	2.421103219557915
آفریقا	296.0	279.0	2.4318650494133607
کاملاً	295.0	287.0	2.4195873559529657
توانست	295.0	289.0	2.4165714099304103
کرده بود	295.0	291.0	2.4135762637010507
دشت	295.0	265.0	2.45422337875015
وسیله	295.0	283.0	2.425682817162668
اگرچه	294.0	293.0	2.4106016323328485
شیمیایی	294.0	265.0	2.45422337875015
ترک	294.0	281.0	2.4287629327818783
بیرون	294.0	286.0	2.421103219557915
پاکستان	294.0	253.0	2.47434873151114
یهودیان	294.0	264.0	2.4558653258171272
نقل	294.0	287.0	2.4195873559529657
عناصر	293.0	267.0	2.4509579913223827
هنگامی	293.0	289.0	2.4165714099304103
اجرای	293.0	265.0	2.45422337875015
عثمانی	293.0	256.0	2.4692292873751085
آنچه	293.0	286.0	2.421103219557915
رهبری	291.0	275.0	2.4381365588566957
سفید	291.0	266.0	2.452587616055891
عمده	291.0	288.0	2.418076764927727
برنامه	291.0	258.0	2.465849546723728
ورود	291.0	282.0	2.427220144367597
عالی	291.0	264.0	2.4558653258171272
یونان	290.0	271.0	2.4444999618125522
شیعه	289.0	255.0	2.470929072253003
جان	289.0	274.0	2.43971868986657
خوزستان	289.0	261.0	2.4608287453486772
پیشنهاد	289.0	279.0	2.4318650494133607
پایین	289.0	284.0	2.4241509126399206
تلاش	288.0	280.0	2.430311221344739
محیط	288.0	265.0	2.45422337875015
مصدق	288.0	225.0	2.525286734575596
گسترده	288.0	286.0	2.421103219557915
۸	288.0	284.0	2.4241509126399206
ریشه	287.0	278.0	2.433424456768882
ساسانیان	287.0	276.0	2.4365601706217404
میرزا	287.0	230.0	2.515741416669365
مشترک	286.0	272.0	2.4429003486527594
دچار	286.0	279.0	2.4318650494133607
کهن	286.0	278.0	2.433424456768882
عدد	286.0	237.0	2.502720906676854
سن	285.0	269.0	2.44771697268455
امروز	285.0	280.0	2.430311221344739
اتحاد	285.0	270.0	2.4461054885279707
اسب	285.0	241.0	2.4954522101120897
اهل	285.0	265.0	2.45422337875015
همواره	285.0	283.0	2.425682817162668
اقدام	285.0	277.0	2.4349894836225094
گروه‌های	284.0	271.0	2.4444999618125522
من	284.0	248.0	2.4830175718607417
۷	284.0	280.0	2.430311221344739
اقوام	283.0	260.0	2.4624959047161403
داستان	283.0	251.0	2.47779553120592
گرم	283.0	262.0	2.459167961367213
منجر	283.0	279.0	2.4318650494133607
میانگین	283.0	248.0	2.4830175718607417
متعلق	283.0	272.0	2.4429003486527594
مناسب	283.0	271.0	2.4444999618125522
عنصر	282.0	237.0	2.502720906676854
نبرد	282.0	259.0	2.464169488605706
طبیعت	282.0	264.0	2.4558653258171272
جمهور	282.0	264.0	2.4558653258171272
محصولات	281.0	253.0	2.47434873151114
عمر	281.0	265.0	2.45422337875015
اندازه	280.0	268.0	2.449334458658169
آسیای	280.0	264.0	2.4558653258171272
می‌دانند	280.0	273.0	2.441306605646202
۱۲	280.0	277.0	2.4349894836225094
می‌یابد	280.0	274.0	2.43971868986657
بدین	280.0	278.0	2.433424456768882
قاجار	280.0	263.0	2.4575135041972
مسلمان	280.0	273.0	2.441306605646202
رخ	278.0	271.0	2.4444999618125522
داشته‌است	278.0	276.0	2.4365601706217404
هیدروژن	278.0	248.0	2.4830175718607417
ویژگی‌های	278.0	271.0	2.4444999618125522
روم	277.0	252.0	2.476068711905414
کوهستانی	276.0	265.0	2.45422337875015
همچنان	276.0	273.0	2.441306605646202
بروجرد	276.0	219.0	2.5370251378468396
نفوذ	276.0	264.0	2.4558653258171272
کهکشان	275.0	205.0	2.565715391631204
شاهنامه	275.0	231.0	2.5138572727948136
اختلاف	275.0	266.0	2.452587616055891
بهترین	274.0	264.0	2.4558653258171272
پدید	274.0	268.0	2.449334458658169
چشم	274.0	267.0	2.4509579913223827
اکثر	273.0	266.0	2.452587616055891
نظیر	273.0	262.0	2.459167961367213
ازدواج	273.0	249.0	2.4812699055912217
قوم	273.0	249.0	2.4812699055912217
تمدن	272.0	225.0	2.525286734575596
خدا	272.0	239.0	2.4990713517388206
ملل	272.0	242.0	2.493653886706527
خیابان	270.0	171.0	2.6444731422948045
جا	269.0	259.0	2.464169488605706
آبی	269.0	257.0	2.4675361293556635
سالهای	269.0	266.0	2.452587616055891
گرجستان	269.0	221.0	2.5330769790018475
کننده	268.0	259.0	2.464169488605706
مادر	267.0	241.0	2.4954522101120897
یکم	267.0	244.0	2.490079426348229
نو	267.0	245.0	2.4883031683224255
گرفته‌است	267.0	266.0	2.452587616055891
می‌گیرند	267.0	266.0	2.452587616055891
مهمی	267.0	263.0	2.4575135041972
امام	267.0	239.0	2.4990713517388206
تصرف	267.0	259.0	2.464169488605706
جزایر	266.0	228.0	2.5195344056865046
آسیا	266.0	243.0	2.491862979088646
شخصی	266.0	251.0	2.47779553120592
گویش	266.0	224.0	2.5272212343527953
ایتالیا	266.0	250.0	2.4795292440149206
بطور	266.0	261.0	2.4608287453486772
ریاست	266.0	248.0	2.4830175718607417
حاصل	266.0	262.0	2.459167961367213
گردشگری	265.0	239.0	2.4990713517388206
گاه	265.0	233.0	2.510113331660939
داشته باشد	265.0	262.0	2.459167961367213
مدرن	264.0	255.0	2.470929072253003
کابل	264.0	224.0	2.5272212343527953
دانشمندان	264.0	260.0	2.4624959047161403
مرد	264.0	218.0	2.5390127590823535
قلمرو	263.0	250.0	2.4795292440149206
تصویب	263.0	245.0	2.4883031683224255
تأمین	263.0	256.0	2.4692292873751085
تجارت	263.0	235.0	2.506401390415222
بکار	262.0	259.0	2.464169488605706
وزارت	262.0	214.0	2.547055479337767
عبور	262.0	245.0	2.4883031683224255
عربستان	262.0	246.0	2.4865341455835788
اشغال	261.0	255.0	2.470929072253003
بیشترین	261.0	253.0	2.47434873151114
اند	261.0	244.0	2.490079426348229
همکاری	261.0	246.0	2.4865341455835788
وضعیت	260.0	250.0	2.4795292440149206
سرد	260.0	244.0	2.490079426348229
دمای	260.0	216.0	2.5430155015360274
انسانی	259.0	249.0	2.4812699055912217
حسین	259.0	241.0	2.4954522101120897
لازم	259.0	252.0	2.476068711905414
باور	259.0	251.0	2.47779553120592
خدمات	258.0	234.0	2.508253395276815
پنجم	258.0	249.0	2.4812699055912217
تعدادی	258.0	258.0	2.465849546723728
آیین	257.0	234.0	2.508253395276815
احمد	257.0	236.0	2.5045572497168513
وقت	256.0	246.0	2.4865341455835788
ساعت	256.0	225.0	2.525286734575596
سلطنت	256.0	239.0	2.4990713517388206
حق	255.0	236.0	2.5045572497168513
به‌عنوان	255.0	240.0	2.497258010975352
عباس	255.0	244.0	2.490079426348229
ساحل	255.0	225.0	2.525286734575596
بازگشت	255.0	249.0	2.4812699055912217
آمریکای	254.0	234.0	2.508253395276815
ایشان	254.0	227.0	2.5214433954938356
حیات	254.0	242.0	2.493653886706527
۹	254.0	254.0	2.47263553606702
ستاره	252.0	202.0	2.572117883240334
شهرت	252.0	245.0	2.4883031683224255
فرد	252.0	235.0	2.506401390415222
بعدی	252.0	242.0	2.493653886706527
مردان	251.0	226.0	2.5233608135395573
جایی	251.0	242.0	2.493653886706527
ه	251.0	249.0	2.4812699055912217
پیرامون	251.0	247.0	2.4847722994272923
چیزی	251.0	242.0	2.493653886706527
بنام	251.0	228.0	2.5195344056865046
پیروزی	250.0	246.0	2.4865341455835788
شدت	250.0	243.0	2.491862979088646
فرمان	249.0	237.0	2.502720906676854
درست	249.0	233.0	2.510113331660939
کسب	249.0	244.0	2.490079426348229
آتش	249.0	226.0	2.5233608135395573
مقدس	249.0	238.0	2.5008922956304462
زمینی	249.0	242.0	2.493653886706527
گونه‌ای	249.0	245.0	2.4883031683224255
پرورش	249.0	230.0	2.515741416669365
بلند	249.0	234.0	2.508253395276815
حمل	248.0	234.0	2.508253395276815
مفهوم	248.0	235.0	2.506401390415222
پیشرفت	247.0	244.0	2.490079426348229
مذهب	247.0	229.0	2.51763377034707
نهاد	247.0	241.0	2.4954522101120897
سنت	247.0	235.0	2.506401390415222
کشتی	247.0	225.0	2.525286734575596
بابل	247.0	205.0	2.565715391631204
ناخالص	247.0	187.0	2.605627646150459
زنده	247.0	237.0	2.502720906676854
سلطان	247.0	224.0	2.5272212343527953
نزد	247.0	238.0	2.5008922956304462
انگلستان	246.0	231.0	2.5138572727948136
خشک	246.0	227.0	2.5214433954938356
منطقهٔ	246.0	220.0	2.535046571864752
نداشت	244.0	241.0	2.4954522101120897
متحد	243.0	230.0	2.515741416669365
مدتی	243.0	238.0	2.5008922956304462
یافته	243.0	238.0	2.5008922956304462
ادبی	243.0	219.0	2.5370251378468396
اصطلاح	243.0	228.0	2.5195344056865046
فتح	243.0	228.0	2.5195344056865046
بغداد	243.0	227.0	2.5214433954938356
اعراب	243.0	226.0	2.5233608135395573
دید	243.0	240.0	2.497258010975352
دیده می‌شود	243.0	240.0	2.497258010975352
دقیقه	242.0	159.0	2.6760721283665068
دی	242.0	222.0	2.5311162782363192
هدایت	242.0	214.0	2.547055479337767
انتشار	242.0	234.0	2.508253395276815
ثابت	241.0	230.0	2.515741416669365
پشت	241.0	226.0	2.5233608135395573
متوسط	240.0	228.0	2.5195344056865046
سی	239.0	222.0	2.5311162782363192
خاصی	239.0	236.0	2.5045572497168513
فعالیت‌های	239.0	231.0	2.5138572727948136
همهٔ	238.0	231.0	2.5138572727948136
نهایت	238.0	233.0	2.510113331660939
گزارش	237.0	230.0	2.515741416669365
۱۸	237.0	235.0	2.506401390415222
عهده	237.0	233.0	2.510113331660939
فراوان	237.0	234.0	2.508253395276815
فعال	236.0	226.0	2.5233608135395573
مسابقات	236.0	203.0	2.569973214773745
آمل	235.0	179.0	2.6246162217070648
فهرست	235.0	224.0	2.5272212343527953
می‌شدند	235.0	226.0	2.5233608135395573
داشته است	234.0	230.0	2.515741416669365
مختلفی	234.0	231.0	2.5138572727948136
رابطه	234.0	220.0	2.535046571864752
نرخ	234.0	199.0	2.5786161762772513
جمشید	233.0	209.0	2.5573229665759043
همانند	233.0	226.0	2.5233608135395573
آمریکایی	232.0	223.0	2.5291643896387974
شاید	232.0	229.0	2.51763377034707
جایگاه	232.0	223.0	2.5291643896387974
احداث	232.0	226.0	2.5233608135395573
کویت	231.0	187.0	2.605627646150459
مالی	231.0	214.0	2.547055479337767
متصل	231.0	222.0	2.5311162782363192
